0
0
0
0
0
0
0
0
0
0
0
0
0
0
0
0
0
0
0
0
0
0
0
0
0
0
0
0
0
0
0
0
818294
5438
44
8
16
6
4
22
694
694
434
0
62486
6558
31622
126
478
874
346
302
254
298
202
230
254
196
1252
11828
0
0
0
3348
10
7218
5242
4196
2900
3752
2212
2164
4462
13394
1200
616
3194
5162
2546
2000
3394
818
2058
5488
7498
588
378
4298
56
1470
46
20
0
20
0
4288
0
256504
51444
76786
131522
408462
69858
67212
208230
215276
3562
25114
138156
77412
224662
241446
53832
4066
185556
207150
293360
92854
30720
71898
4170
64276
3266
0
0
0
0
0
